1 0.35625 0.4609375 0.01875 0.03125
1 0.4578125 0.4703125 0.015625 0.025
1 0.44375 0.55 0.015625 0.0375
1 0.54375 0.5625 0.021875 0.0375
1 0.546875 0.5140625 0.0125 0.0375
1 0.5546875 0.4734375 0.0125 0.025
1 0.5609375 0.434375 0.0125 0.040625
1 0.5296875 0.4140625 0.01875 0.028125
1 0.4890625 0.409375 0.0125 0.025
1 0.4640625 0.2953125 0.025 0.04375
1 0.440625 0.0734375 0.021875 0.025
1 0.4375 0.18125 0.025 0.0375
1 0.4390625 0.225 0.015625 0.034375
1 0.525 0.4609375 0.0125 0.028125
1 0.63125 0.459375 0.0125 0.03125
1 0.675 0.534375 0.01875 0.025
1 0.73125 0.5671875 0.0125 0.04375
1 0.678125 0.6328125 0.01875 0.03125
1 0.4140625 0.0703125 0.009375 0.040625
1 0.4046875 0.0875 0.01875 0.028125
1 0.6328125 0.5625 0.0125 0.028125
1 0.428125 0.4734375 0.0125 0.025