1 0.35625 0.4640625 0.021875 0.03125
1 0.4578125 0.4703125 0.015625 0.028125
1 0.4453125 0.5515625 0.015625 0.040625
1 0.5453125 0.5625 0.021875 0.0375
1 0.546875 0.5125 0.0125 0.0375
1 0.5546875 0.471875 0.015625 0.028125
1 0.559375 0.4328125 0.0125 0.040625
1 0.528125 0.4140625 0.01875 0.028125
1 0.4875 0.409375 0.015625 0.028125
1 0.4609375 0.2953125 0.025 0.04375
1 0.4328125 0.075 0.021875 0.025
1 0.43125 0.1828125 0.028125 0.040625
1 0.434375 0.2265625 0.015625 0.034375
1 0.525 0.4609375 0.015625 0.028125
1 0.63125 0.4578125 0.0125 0.034375
1 0.675 0.53125 0.021875 0.028125
1 0.7328125 0.5625 0.0125 0.046875
1 0.6796875 0.6296875 0.021875 0.034375
1 0.40625 0.071875 0.009375 0.040625
1 0.396875 0.0890625 0.01875 0.028125
1 0.634375 0.5609375 0.015625 0.028125
1 0.428125 0.475 0.015625 0.028125