1 0.471875 0.4625 0.015625 0.040625
1 0.490625 0.4125 0.0125 0.025
1 0.490625 0.371875 0.009375 0.021875
1 0.4515625 0.065625 0.021875 0.03125
1 0.4703125 0.1625 0.01875 0.028125
1 0.46875 0.228125 0.01875 0.025
1 0.384375 0.4765625 0.021875 0.01875
1 0.3765625 0.49375 0.01875 0.01875
1 0.4125 0.5171875 0.0125 0.03125
1 0.4125 0.4796875 0.015625 0.01875
1 0.4265625 0.4828125 0.0125 0.028125
1 0.4453125 0.4875 0.015625 0.01875
1 0.434375 0.5046875 0.01875 0.025
1 0.3890625 0.5046875 0.021875 0.021875