1 0.475 0.4609375 0.01875 0.040625
1 0.4953125 0.4125 0.0125 0.025
1 0.4984375 0.371875 0.009375 0.021875
1 0.4734375 0.0640625 0.025 0.03125
1 0.4875 0.1609375 0.01875 0.028125
1 0.4828125 0.2265625 0.021875 0.025
1 0.3859375 0.4703125 0.021875 0.01875
1 0.3765625 0.4859375 0.01875 0.01875
1 0.4109375 0.5125 0.0125 0.03125
1 0.4140625 0.475 0.015625 0.01875
1 0.428125 0.4796875 0.0125 0.028125
1 0.446875 0.4859375 0.015625 0.01875
1 0.434375 0.5015625 0.021875 0.025
1 0.3890625 0.4984375 0.021875 0.021875